,timestamp,event_start,event_time,location,use_case,soc_start,soc_end,energy,station_charging_capacity,average_charging_power
0,2021-09-17 00:00:00,0,124,home,home,0.449,0.449,0.0,0.0,0.0
1,2021-09-18 07:00:00,124,2,driving,,0.449,0.4372,-1.062,0.0,0.0
2,2021-09-18 07:30:00,126,34,work,work,0.4372,0.4372,0.0,0.0,0.0
3,2021-09-18 16:00:00,160,1,driving,,0.4372,0.4079,-2.637,0.0,0.0
4,2021-09-18 16:15:00,161,90,home,home,0.4079,0.4079,0.0,0.0,0.0
5,2021-09-19 14:45:00,251,1,driving,,0.4079,0.3907,-1.548,0.0,0.0
6,2021-09-19 15:00:00,252,5,leisure,hpc,0.3907,0.8374,40.203,150.0,35.5276
7,2021-09-19 16:00:00,257,1,driving,,0.8374,0.836,-0.126,0.0,0.0
8,2021-09-19 16:30:00,258,60,home,home,0.836,0.836,0.0,0.0,0.0
9,2021-09-20 07:30:00,318,2,driving,,0.836,0.8121,-2.151,0.0,0.0
10,2021-09-20 08:00:00,320,28,private,public,0.8121,0.8121,0.0,0.0,0.0
11,2021-09-20 15:00:00,348,1,driving,,0.8121,0.7921,-1.8,0.0,0.0
12,2021-09-20 15:15:00,349,61,home,home,0.7921,0.7921,0.0,0.0,0.0
13,2021-09-21 06:30:00,410,1,driving,,0.7921,0.7904,-0.153,0.0,0.0
14,2021-09-21 06:45:00,411,9,business,public,0.7904,0.7904,0.0,0.0,0.0
15,2021-09-21 09:00:00,420,2,driving,,0.7904,0.7525,-3.411,0.0,0.0
16,2021-09-21 09:30:00,422,1,private,public,0.7525,0.7525,0.0,0.0,0.0
17,2021-09-21 09:45:00,423,1,driving,,0.7525,0.7381,-1.296,0.0,0.0
18,2021-09-21 10:00:00,424,42,work,work,0.7381,0.7381,0.0,0.0,0.0
19,2021-09-21 20:30:00,466,1,driving,,0.7381,0.7155,-2.034,0.0,0.0
20,2021-09-21 20:45:00,467,34,home,home,0.7155,0.7155,0.0,0.0,0.0
21,2021-09-22 05:15:00,501,1,driving,,0.7155,0.705,-0.945,0.0,0.0
22,2021-09-22 05:30:00,502,38,work,work,0.705,0.705,0.0,0.0,0.0
23,2021-09-22 15:00:00,540,5,driving,,0.705,0.6067,-8.847,0.0,0.0
24,2021-09-22 16:15:00,545,54,home,home,0.6067,0.6067,0.0,0.0,0.0
25,2021-09-23 05:45:00,599,1,driving,,0.6067,0.5872,-1.755,0.0,0.0
26,2021-09-23 06:00:00,600,28,work,work,0.5872,0.5872,0.0,0.0,0.0
27,2021-09-23 13:00:00,628,1,driving,,0.5872,0.5862,-0.09,0.0,0.0
28,2021-09-23 13:15:00,629,3,shopping,public,0.5862,0.5862,0.0,0.0,0.0
29,2021-09-23 14:00:00,632,7,driving,,0.5862,0.549,-3.348,0.0,0.0
30,2021-09-23 15:45:00,639,56,home,home,0.549,0.549,0.0,0.0,0.0
31,2021-09-24 05:45:00,695,1,driving,,0.549,0.5217,-2.457,0.0,0.0
32,2021-09-24 06:00:00,696,24,work,work,0.5217,0.5217,0.0,0.0,0.0
33,2021-09-24 12:00:00,720,5,driving,,0.5217,0.4815,-3.618,0.0,0.0
34,2021-09-24 13:15:00,725,10,leisure,public,0.4815,0.4815,0.0,0.0,0.0
35,2021-09-24 15:45:00,735,15,driving,,0.4815,0.2043,-24.948,0.0,0.0
36,2021-09-24 19:30:00,750,8,hpc,hpc,0.2043,0.9487,66.996,350.0,34.0822
37,2021-09-24 21:30:00,758,17,driving,,0.9487,0.6287,-28.8,0.0,0.0
38,2021-09-25 01:45:00,775,21,home,home,0.6287,0.6287,0.0,0.0,0.0
39,2021-09-25 07:00:00,796,9,driving,,0.6287,0.5894,-3.537,0.0,0.0
40,2021-09-25 09:15:00,805,6,shopping,public,0.5894,0.5894,0.0,0.0,0.0
41,2021-09-25 10:45:00,811,7,driving,,0.5894,0.5664,-2.07,0.0,0.0
42,2021-09-25 12:30:00,818,10,leisure,public,0.5664,0.9244,32.22,50.0,12.8871
43,2021-09-25 15:00:00,828,11,driving,,0.9244,0.8905,-3.051,0.0,0.0
44,2021-09-25 17:45:00,839,9,shopping,public,0.8905,0.8905,0.0,0.0,0.0
45,2021-09-25 20:00:00,848,2,driving,,0.8905,0.8589,-2.844,0.0,0.0
46,2021-09-25 20:30:00,850,19,leisure,public,0.8589,0.8589,0.0,0.0,0.0
47,2021-09-26 01:15:00,869,2,driving,,0.8589,0.8137,-4.068,0.0,0.0
48,2021-09-26 01:45:00,871,31,home,home,0.8137,0.8137,0.0,0.0,0.0
49,2021-09-26 09:30:00,902,1,driving,,0.8137,0.8032,-0.945,0.0,0.0
50,2021-09-26 09:45:00,903,35,work,work,0.8032,0.8032,0.0,0.0,0.0
51,2021-09-26 18:30:00,938,2,driving,,0.8032,0.7766,-2.394,0.0,0.0
52,2021-09-26 19:00:00,940,46,home,home,0.7766,0.7766,0.0,0.0,0.0
53,2021-09-27 06:30:00,986,22,driving,,0.7766,0.6525,-11.169,0.0,0.0
54,2021-09-27 12:00:00,1008,6,business,public,0.6525,0.8703,19.602,22.0,13.07
55,2021-09-27 13:30:00,1014,2,driving,,0.8703,0.8198,-4.545,0.0,0.0
56,2021-09-27 14:00:00,1016,64,home,home,0.8198,0.8198,0.0,0.0,0.0
57,2021-09-28 06:00:00,1080,1,driving,,0.8198,0.8157,-0.369,0.0,0.0
58,2021-09-28 06:15:00,1081,5,work,work,0.8157,0.8157,0.0,0.0,0.0
59,2021-09-28 07:30:00,1086,1,driving,,0.8157,0.8062,-0.855,0.0,0.0
60,2021-09-28 07:45:00,1087,7,school,public,0.8062,0.8062,0.0,0.0,0.0
61,2021-09-28 09:30:00,1094,1,driving,,0.8062,0.7958,-0.936,0.0,0.0
62,2021-09-28 09:45:00,1095,11,shopping,public,0.7958,0.7958,0.0,0.0,0.0
63,2021-09-28 12:30:00,1106,3,driving,,0.7958,0.7629,-2.961,0.0,0.0
64,2021-09-28 13:15:00,1109,3,private,public,0.7629,0.8613,8.856,22.0,11.8124
65,2021-09-28 14:00:00,1112,5,driving,,0.8613,0.8016,-5.373,0.0,0.0
66,2021-09-28 15:15:00,1117,56,shopping,public,0.8016,0.8016,0.0,0.0,0.0
67,2021-09-29 05:15:00,1173,2,driving,,0.8016,0.7614,-3.618,0.0,0.0
68,2021-09-29 05:45:00,1175,49,work,work,0.7614,0.7614,0.0,0.0,0.0
69,2021-09-29 18:00:00,1224,7,driving,,0.7614,0.7215,-3.591,0.0,0.0
70,2021-09-29 19:45:00,1231,46,home,home,0.7215,0.7215,0.0,0.0,0.0
71,2021-09-30 07:15:00,1277,2,driving,,0.7215,0.7135,-0.72,0.0,0.0
72,2021-09-30 07:45:00,1279,25,private,public,0.7135,1.0,25.785,11.0,8.7476
73,2021-09-30 14:00:00,1304,2,driving,,1.0,0.992,-0.72,0.0,0.0
74,2021-09-30 14:30:00,1306,9,shopping,public,0.992,0.992,0.0,0.0,0.0
75,2021-09-30 16:45:00,1315,2,driving,,0.992,0.9601,-2.871,0.0,0.0
76,2021-09-30 17:15:00,1317,3,private,public,0.9601,0.9601,0.0,0.0,0.0
77,2021-09-30 18:00:00,1320,3,driving,,0.9601,0.9013,-5.292,0.0,0.0
78,2021-09-30 18:45:00,1323,21,leisure,public,0.9013,0.9013,0.0,0.0,0.0
